ClassId|persistentFlag|n
-------|--------------|-
10001|16384|4264573
21|12288|2905304
9|86016|2488805
240020|16400|1848483
240014|16384|1848224
240010|8192|1847391
80014|16384|1501244
80007|16400|1475996
73|12288|1325859
21|20480|1324754
80042|16400|1186849
240009|8192|991956
280009|12288|978768
240007|17408|966991
80036|16400|959778
240019|16384|924311
240015|16384|924310
9|200704|924248
280225|82688|924136
80037|16400|914162
240011|8464|880288
240016|16384|880203
240012|16400|874239
9|69632|827991
240009|16384|745649
18|87040|718625
240008|8192|710918
80033|16384|624069
9|65536|605608
80005|8208|562866
10001|8192|558297
110050|8192|549831
110019|8192|516714
25|83008|495311
27|83008|493478
80012|16400|477179
80034|16400|402544
20003|83008|401533
80012|8208|344455
3|20480|335336
17|20480|319726
80005|16400|318312
80013|16400|288482
80013|8208|279269
80038|16400|257147
280011|86032|231746
80014|8192|224088
80033|8192|209359
80040|8192|196280
80008|0|190546
80035|16400|186854
110051|0|173408
10053|8192|169121
240008|0|168880
80041|8192|160822
9|77824|135303
37|83008|127204
25|82944|126624
140039|16400|122167
20007|16400|110056
140031|0|108231
140043|49152|105275
35|9216|103885
140035|8208|96996
140007|8192|92761
110039|0|92753
110059|0|92753
110054|0|92753
110038|0|92753
110025|0|92753
110015|8192|92752
110028|0|92750
140033|8192|91993
80007|8208|86599
110010|0|86397
110052|0|86198
80041|16384|82353
10055|8192|82311
40|83008|81588
28060|16400|80603
80042|8208|80581
280016|82688|79358
8|65536|78537
110043|8192|77579
110004|8192|77246
110061|0|77230
280015|8192|73688
80040|16384|68705
240122|16400|68218
130004|82944|64992
290001|50944|60420
280011|86016|53743
240200|8192|52579
280007|16400|52124
110006|16384|52111
60020|8192|51686
290001|42752|47818
10052|0|46205
17|12288|45853
10051|8192|45548
130005|83712|45532
280011|77840|44759
280008|0|44301
240028|8192|44009
240027|8464|44005
240029|16400|43914
140038|16400|43339
240121|16400|43109
130005|82944|42964
210007|8192|42351
20010|8192|37917
10060|8192|37916
20003|8208|37874
240017|16400|35704
10104|8192|35682
28056|16656|35542
8|77824|35114
60096|8192|34961
110006|8192|33783
130004|83712|33110
80054|16400|31912
35|74496|30891
10103|75520|30346
290001|41744|29072
60162|8192|29057
10103|83712|28979
41|83008|27975
28051|16400|27939
240041|17408|26115
13|83008|25919
210006|8192|25079
21|4096|24938
20007|8208|22782
18|78848|22352
210002|8192|22301
280017|17408|22224
280202|115472|21725
35|74816|20327
280220|115472|20003
35|82688|19913
240022|17408|19728
10027|83008|19605
80013|16384|18748
280015|0|18415
80013|8192|18341
80007|16384|18294
27|74816|17838
80020|16400|17337
20014|16400|17305
60095|8192|16725
280017|18176|16403
130004|83200|16395
80061|16384|16326
130004|66816|15947
60185|0|15940
20003|74816|15756
80055|16400|15575
12|12288|15330
110043|0|15174
280022|8208|14679
280222|115472|14526
280022|16400|13543
80019|16400|13306
280224|107264|12726
21|0|12404
140033|16384|12048
20014|8208|11754
36|83008|11751
35|83008|11472
80022|16400|11431
140035|16400|11160
140007|16384|11152
280009|20480|11089
280017|9216|10925
28060|16384|10020
110053|8192|9763
240025|8192|9341
240021|8192|9339
240023|17408|9339
280117|0|9339
280224|115456|8955
240024|16400|8924
70078|16384|8703
130005|83200|8536
12|20480|8312
42|83008|8096
10007|8192|8094
70003|17408|8030
35|83264|7976
80048|16400|7873
280017|9984|7862
70011|8192|7357
140007|83008|6932
130005|67328|6851
130004|75520|6130
240012|8208|6072
110008|16400|5906
62|0|5786
80003|16400|5760
80047|16400|5369
33|83264|5212
43|83008|5116
140011|83008|5054
18|20480|4979
80057|8192|4948
210004|8192|4933
130004|75008|4928
35|17408|4701
36|82944|4696
240141|82688|4373
80060|16384|4356
10103|74496|4210
80044|8208|3974
210005|8192|3892
280011|77824|3852
150001|16400|3825
20024|16384|3692
80073|16400|3662
20023|16400|3591
110056|8192|3529
10021|8192|3353
280016|74496|3311
31|74816|3277
130005|66560|3255
80045|16400|3192
130004|66560|3190
80059|16384|3174
80054|8208|3049
80057|16384|3006
80072|8192|2970
80059|8192|2955
43|74816|2951
80008|8192|2794
130005|66624|2730
210007|16384|2652
10009|16384|2435
80003|16384|2383
130004|67328|2305
40|74816|2179
110067|8192|2147
10103|82688|2141
110008|8208|2124
280224|107280|1955
80021|16400|1897
280202|107280|1872
80061|8192|1851
210008|8192|1831
10057|49168|1827
280220|107280|1802
130005|66816|1753
80060|8192|1739
10030|16384|1697
240092|0|1660
80051|16400|1660
10106|83008|1638
40007|8192|1602
10027|74816|1601
80045|16384|1601
35|82944|1572
10007|16384|1544
240010|16384|1233
25|83712|1209
80055|8208|1150
240091|16400|1090
280022|18176|1088
13|82688|813
20003|16400|789
280022|9984|758
35|74752|752
10030|8192|751
130004|74752|719
130005|74752|716
10056|8192|674
10051|16384|673
70009|0|673
33|83008|667
130003|82944|620
25|75520|605
240091|8208|570
28056|73984|539
72|8192|533
28|83264|525
80034|8208|517
240008|16384|513
280007|16384|455
240066|16400|418
240014|8192|416
80072|16384|401
80007|8192|381
240007|9216|333
240142|0|325
240141|16400|321
240024|8208|303
80008|16384|298
80037|16384|294
110065|8192|288
110021|8192|288
80012|8192|277
10105|8192|276
240160|16400|261
110002|8192|256
25|74752|237
280045|17408|236
280091|0|236
240017|16384|234
280090|16400|230
10021|16384|213
310002|8192|201
14|12288|199
110032|8192|193
130005|75008|190
10057|16400|185
280225|74496|184
67|8192|177
310003|8192|171
25|74816|169
80018|16400|160
80017|16400|142
240020|8208|141
140009|83008|131
240022|1024|127
14|20480|124
80007|16|121
130005|75520|120
16|20480|117
110026|8192|115
240024|16384|112
280222|107280|108
240016|8192|108
62|4096|102
240067|16400|102
280016|66304|95
240022|9216|91
28056|82176|88
70004|8192|85
16|12288|85
140040|16400|82
210006|16384|75
10008|8192|74
10104|16384|73
20023|16384|71
33|74816|71
280022|8976|71
13|81920|68
140049|8208|67
10005|8192|64
210004|16384|64
31|83008|63
280022|17168|61
10027|0|61
10036|8192|60
10100|73728|60
6|8192|59
240029|8208|58
52|8192|55
280017|1024|53
10057|8208|52
290001|8208|51
35|83776|49
8|200704|48
280017|1792|47
20011|83008|46
290005|16400|46
290006|0|46
13|82944|44
34|83008|43
290004|16400|42
280202|115456|42
20022|83008|40
210002|16384|39
240029|16384|37
20023|8208|36
80046|8208|34
240007|1024|33
310001|8192|33
140007|74816|32
10075|8192|31
10076|8192|31
240041|1024|28
40007|16384|27
10103|17168|26
240055|16400|26
280128|8192|26
41|74816|26
210010|8192|26
280134|17408|26
130004|17408|25
10057|74816|25
80012|16384|24
280132|82688|24
20022|74816|24
80003|8208|23
20020|83008|22
20019|83008|22
34|74816|20
240011|16656|19
80003|8192|19
110066|8192|19
10053|16384|18
240121|8208|18
20|12288|17
80050|16400|17
10057|83008|17
10057|40976|17
28056|8464|17
110046|8192|17
80049|16400|17
10052|8192|16
20003|16384|16
110058|8192|16
110055|8192|16
10055|16384|15
30001|8192|15
140049|16400|15
80058|16384|14
42|74816|14
20012|83008|14
20013|16400|14
10009|8192|14
20016|16656|14
31|83776|14
10056|16384|13
280127|18176|13
240050|16400|13
280135|17408|13
240053|16400|13
240052|16400|13
10103|8976|13
280131|17408|13
240051|18176|13
280127|17408|13
20017|83008|12
140038|8208|12
30|83008|11
10024|16384|10
10015|8192|10
20019|74816|10
10023|8192|10
240015|8192|10
240019|0|9
10028|0|9
80042|16384|9
13|74816|9
20017|74816|9
240017|8208|8
110032|16384|8
280125|20480|8
25|9216|8
140031|8192|7
10103|8208|7
80053|16400|7
140040|0|7
1130012|81920|6
140039|8208|6
25|82688|6
20024|8192|6
1130016|0|6
280090|8208|6
80036|8208|6
10061|8192|5
210005|16384|5
10027|16400|5
10023|16384|5
10008|16384|4
280125|12288|4
280008|16384|4
240122|16384|4
28060|8208|4
80005|16384|4
240141|8192|4
80005|8192|3
20028|77824|3
110007|12288|3
37|74816|3
240141|74496|3
110028|8192|3
37|65536|3
280224|115472|3
290002|8208|3
10026|20480|2
210001|8192|2
30004|8192|2
280130|17408|2
10036|16384|2
290002|16400|2
290003|16400|2
20020|74816|2
10034|8192|2
80069|16400|2
26|74816|2
20021|74816|2
110015|0|2
130003|67328|2
3|12288|2
280132|74496|2
30003|8192|2
35|73728|2
25|74496|2
130003|83712|2
10035|8192|2
110064|8192|1
80038|16384|1
30019|0|1
30014|8192|1
30009|8192|1
28051|8208|1
240082|0|1
1130014|8192|1
240122|8208|1
23|0|1
60003|8192|1
50|12288|1
10016|0|1
10056|0|1
80056|16400|1
33|73728|1
10097|12288|1
2|0|1
10058|16384|1
1130003|16400|1
10035|16384|1
80034|16384|1
240081|16400|1
30015|0|1
150002|16384|1
25|73728|1
10060|16384|1
40005|12288|1
10004|8192|1
150003|8192|1
110015|16384|1
5|8192|1
30006|0|1
110011|16384|1
130003|17408|1
240066|8208|1
68|8192|1
30008|8192|1
110060|0|1
1130006|8192|1
26|83008|1
10026|12288|1
